name: unir
channels:
  - conda-forge
  - defaults
dependencies:
  - asttokens=3.0.0=pyhd8ed1ab_1
  - bzip2=1.0.8=h2bbff1b_6
  - ca-certificates=2024.12.31=haa95532_0
  - colorama=0.4.6=pyhd8ed1ab_1
  - comm=0.2.2=pyhd8ed1ab_1
  - cpython=3.11.11=py311hd8ed1ab_1
  - debugpy=1.8.11=py311hda3d55a_0
  - decorator=5.1.1=pyhd8ed1ab_1
  - exceptiongroup=1.2.2=pyhd8ed1ab_1
  - executing=2.1.0=pyhd8ed1ab_1
  - importlib-metadata=8.5.0=pyha770c72_1
  - ipykernel=6.29.5=pyh4bbf305_0
  - ipython=8.31.0=pyh7428d3b_0
  - jedi=0.19.2=pyhd8ed1ab_1
  - jupyter_client=8.6.3=pyhd8ed1ab_1
  - jupyter_core=5.7.2=pyh5737063_1
  - krb5=1.21.3=hdf4eb48_0
  - libexpat=2.6.4=he0c23c2_0
  - libffi=3.4.4=hd77b12b_1
  - liblzma=5.6.3=h2466b09_1
  - libsodium=1.0.20=hc70643c_0
  - libsqlite=3.48.0=h67fdade_0
  - libzlib=1.3.1=h2466b09_2
  - matplotlib-inline=0.1.7=pyhd8ed1ab_1
  - nest-asyncio=1.6.0=pyhd8ed1ab_1
  - openssl=3.4.0=ha4e3fda_1
  - packaging=24.2=pyhd8ed1ab_2
  - parso=0.8.4=pyhd8ed1ab_1
  - pickleshare=0.7.5=pyhd8ed1ab_1004
  - pip=24.2=py311haa95532_0
  - platformdirs=4.3.6=pyhd8ed1ab_1
  - prompt-toolkit=3.0.48=pyha770c72_1
  - psutil=6.1.1=py311he736701_0
  - pure_eval=0.2.3=pyhd8ed1ab_1
  - pygments=2.19.1=pyhd8ed1ab_0
  - python=3.11.11=h3f84c4b_1_cpython
  - python-dateutil=2.9.0.post0=pyhff2d567_1
  - python_abi=3.11=5_cp311
  - pywin32=307=py311hda3d55a_3
  - pyzmq=26.2.0=py311h484c95c_3
  - setuptools=75.1.0=py311haa95532_0
  - six=1.17.0=pyhd8ed1ab_0
  - sqlite=3.45.3=h2bbff1b_0
  - stack_data=0.6.3=pyhd8ed1ab_1
  - tk=8.6.13=h5226925_1
  - tornado=6.4.2=py311he736701_0
  - traitlets=5.14.3=pyhd8ed1ab_1
  - typing_extensions=4.12.2=pyha770c72_1
  - ucrt=10.0.22621.0=h57928b3_1
  - vc=14.40=haa95532_2
  - vc14_runtime=14.42.34433=he29a5d6_23
  - vs2015_runtime=14.42.34433=hdffcdeb_23
  - wcwidth=0.2.13=pyhd8ed1ab_1
  - wheel=0.44.0=py311haa95532_0
  - xz=5.4.6=h8cc25b3_1
  - zeromq=4.3.5=ha9f60a1_7
  - zipp=3.21.0=pyhd8ed1ab_1
  - zlib=1.3.1=h2466b09_2
  - pip:
      - asgiref==3.8.1
      - beautifulsoup4==4.12.3
      - certifi==2024.12.14
      - charset-normalizer==3.4.1
      - contourpy==1.3.1
      - cycler==0.12.1
      - django==4.2.18
      - django-bootstrap-v5==1.0.11
      - fonttools==4.55.3
      - idna==3.10
      - joblib==1.4.2
      - kiwisolver==1.4.8
      - matplotlib==3.10.0
      - mpmath==1.3.0
      - numpy==2.2.2
      - opencv-python==4.11.0.86
      - pandas==2.2.3
      - pillow==11.1.0
      - py-cpuinfo==9.0.0
      - pyclipper==1.3.0.post6
      - pyparsing==3.2.1
      - python-bidi==0.6.3
      - pytz==2024.2
      - pyyaml==6.0.2
      - requests==2.32.3
      - scikit-learn==1.6.1
      - scipy==1.15.1
      - seaborn==0.13.2
      - shapely==2.0.6
      - soupsieve==2.6
      - sqlparse==0.5.3
      - sympy==1.13.1
      - threadpoolctl==3.5.0
      - tifffile==2025.1.10
      - torch==2.5.1+cu124
      - torchaudio==2.5.1+cu124
      - tqdm==4.67.1
      - tzdata==2024.2
      - ultralytics==8.3.63
      - ultralytics-thop==2.0.14
      - urllib3==2.3.0
prefix: C:\Users\aphic\.conda\envs\unir
